rules/random/rules_random_10000_0.txt
prefix_num:10000
max_blocks_num:32  avg_blocks_num:17  sum_blocks_num:170892
max_block_len:16  avg_block_len:7  sum_block_len:1322893
count_list:
[326, 320, 300, 308, 303, 325, 306, 306, 323, 321, 307, 367, 344, 328, 338, 318, 333, 322, 292, 329, 350, 339, 320, 320, 319, 311, 324, 313, 337, 341, 310, 0, 0, 0, 0, 0, 0, 0, 0, 0, 0, 0]


test/random/test_match_random_10000_0.txt
prefix_num:50000
max_blocks_num:42  avg_blocks_num:22  sum_blocks_num:1103311
max_block_len:20  avg_block_len:8  sum_block_len:9351468
count_list:
[153, 286, 432, 563, 693, 841, 975, 1152, 1286, 1509, 1557, 1526, 1564, 1610, 1694, 1688, 1688, 1627, 1650, 1641, 1656, 1616, 1629, 1609, 1581, 1562, 1602, 1589, 1636, 1712, 1652, 1437, 1359, 1155, 1024, 858, 728, 606, 446, 284, 124, 0]


test/random/test_unmatch_random_10000_0.txt
prefix_num:50000
max_blocks_num:42  avg_blocks_num:22  sum_blocks_num:1105744
max_block_len:20  avg_block_len:8  sum_block_len:9378325
count_list:
[144, 291, 452, 602, 709, 818, 1000, 1117, 1260, 1388, 1542, 1591, 1632, 1572, 1699, 1662, 1590, 1616, 1672, 1581, 1718, 1572, 1664, 1567, 1633, 1586, 1650, 1604, 1619, 1677, 1602, 1463, 1370, 1237, 1017, 889, 711, 597, 456, 294, 136, 0]


rules/random/rules_random_10000_1.txt
prefix_num:10000
max_blocks_num:32  avg_blocks_num:16  sum_blocks_num:169615
max_block_len:16  avg_block_len:7  sum_block_len:1314518
count_list:
[324, 328, 313, 345, 326, 290, 309, 322, 337, 344, 339, 330, 331, 296, 327, 331, 321, 314, 320, 322, 334, 327, 303, 314, 342, 285, 338, 331, 322, 322, 313, 0, 0, 0, 0, 0, 0, 0, 0, 0, 0, 0]


test/random/test_match_random_10000_1.txt
prefix_num:50000
max_blocks_num:42  avg_blocks_num:21  sum_blocks_num:1097392
max_block_len:20  avg_block_len:8  sum_block_len:9320457
count_list:
[148, 315, 425, 613, 778, 866, 1055, 1151, 1327, 1447, 1566, 1627, 1581, 1593, 1628, 1602, 1692, 1639, 1655, 1657, 1616, 1578, 1602, 1580, 1620, 1650, 1595, 1621, 1616, 1633, 1555, 1398, 1330, 1168, 1027, 903, 670, 627, 424, 288, 134, 0]


test/random/test_unmatch_random_10000_1.txt
prefix_num:50000
max_blocks_num:42  avg_blocks_num:21  sum_blocks_num:1097705
max_block_len:20  avg_block_len:8  sum_block_len:9322419
count_list:
[144, 299, 458, 574, 713, 830, 1089, 1142, 1320, 1481, 1583, 1629, 1648, 1611, 1602, 1675, 1698, 1641, 1602, 1611, 1665, 1633, 1602, 1569, 1625, 1622, 1581, 1596, 1533, 1548, 1618, 1500, 1280, 1174, 1070, 872, 738, 548, 453, 290, 133, 0]


rules/random/rules_random_10000_2.txt
prefix_num:10000
max_blocks_num:32  avg_blocks_num:16  sum_blocks_num:168779
max_block_len:16  avg_block_len:7  sum_block_len:1306614
count_list:
[303, 320, 319, 339, 319, 325, 361, 301, 337, 334, 346, 328, 310, 312, 332, 358, 294, 341, 343, 321, 311, 319, 335, 307, 302, 340, 316, 308, 288, 332, 299, 0, 0, 0, 0, 0, 0, 0, 0, 0, 0, 0]


test/random/test_match_random_10000_2.txt
prefix_num:50000
max_blocks_num:42  avg_blocks_num:21  sum_blocks_num:1093280
max_block_len:20  avg_block_len:8  sum_block_len:9274519
count_list:
[154, 287, 405, 574, 728, 878, 1036, 1184, 1317, 1473, 1655, 1657, 1658, 1627, 1606, 1581, 1679, 1662, 1719, 1649, 1668, 1631, 1606, 1665, 1619, 1614, 1619, 1613, 1596, 1498, 1586, 1393, 1255, 1174, 979, 847, 716, 570, 421, 271, 130, 0]


test/random/test_unmatch_random_10000_2.txt
prefix_num:50000
max_blocks_num:42  avg_blocks_num:21  sum_blocks_num:1093251
max_block_len:20  avg_block_len:8  sum_block_len:9272890
count_list:
[161, 299, 450, 599, 702, 903, 1012, 1148, 1328, 1489, 1605, 1648, 1634, 1594, 1623, 1665, 1692, 1670, 1671, 1607, 1632, 1608, 1654, 1675, 1590, 1608, 1607, 1632, 1578, 1568, 1583, 1382, 1277, 1177, 988, 874, 696, 557, 431, 244, 139, 0]


rules/random/rules_random_10000_3.txt
prefix_num:10000
max_blocks_num:32  avg_blocks_num:17  sum_blocks_num:170318
max_block_len:16  avg_block_len:7  sum_block_len:1318761
count_list:
[312, 328, 327, 321, 307, 311, 331, 311, 325, 340, 319, 301, 317, 320, 344, 312, 359, 313, 312, 317, 338, 331, 297, 356, 320, 326, 351, 315, 339, 284, 316, 0, 0, 0, 0, 0, 0, 0, 0, 0, 0, 0]


test/random/test_match_random_10000_3.txt
prefix_num:50000
max_blocks_num:42  avg_blocks_num:22  sum_blocks_num:1101421
max_block_len:20  avg_block_len:8  sum_block_len:9339389
count_list:
[165, 296, 448, 620, 690, 860, 1020, 1164, 1260, 1456, 1604, 1594, 1600, 1636, 1591, 1592, 1600, 1620, 1645, 1528, 1660, 1604, 1653, 1634, 1604, 1669, 1699, 1662, 1614, 1573, 1656, 1406, 1268, 1245, 1053, 886, 740, 579, 395, 283, 128, 0]


test/random/test_unmatch_random_10000_3.txt
prefix_num:50000
max_blocks_num:42  avg_blocks_num:22  sum_blocks_num:1101136
max_block_len:20  avg_block_len:8  sum_block_len:9339186
count_list:
[141, 262, 449, 600, 749, 875, 984, 1219, 1306, 1440, 1606, 1587, 1611, 1555, 1635, 1584, 1640, 1682, 1637, 1587, 1581, 1588, 1668, 1622, 1608, 1612, 1604, 1592, 1628, 1676, 1628, 1478, 1335, 1167, 1016, 898, 734, 600, 386, 300, 130, 0]


rules/random/rules_random_10000_4.txt
prefix_num:10000
max_blocks_num:32  avg_blocks_num:16  sum_blocks_num:169789
max_block_len:16  avg_block_len:7  sum_block_len:1313215
count_list:
[324, 319, 321, 341, 344, 311, 317, 301, 298, 338, 332, 312, 309, 310, 361, 315, 340, 350, 334, 316, 315, 300, 333, 314, 296, 330, 331, 326, 336, 334, 292, 0, 0, 0, 0, 0, 0, 0, 0, 0, 0, 0]


test/random/test_match_random_10000_4.txt
prefix_num:50000
max_blocks_num:42  avg_blocks_num:21  sum_blocks_num:1098692
max_block_len:20  avg_block_len:8  sum_block_len:9310655
count_list:
[153, 285, 426, 584, 734, 871, 1042, 1230, 1288, 1469, 1608, 1618, 1618, 1591, 1625, 1593, 1637, 1621, 1608, 1644, 1616, 1661, 1641, 1604, 1597, 1587, 1661, 1614, 1544, 1603, 1591, 1459, 1331, 1156, 972, 931, 771, 565, 419, 302, 130, 0]


test/random/test_unmatch_random_10000_4.txt
prefix_num:50000
max_blocks_num:42  avg_blocks_num:22  sum_blocks_num:1100757
max_block_len:20  avg_block_len:8  sum_block_len:9336391
count_list:
[166, 277, 427, 571, 761, 880, 1066, 1170, 1260, 1452, 1677, 1540, 1558, 1601, 1599, 1606, 1601, 1646, 1640, 1711, 1601, 1604, 1616, 1638, 1660, 1618, 1592, 1540, 1581, 1617, 1604, 1441, 1375, 1238, 1014, 844, 757, 569, 434, 318, 130, 0]


rules/random/rules_random_10000_5.txt
prefix_num:10000
max_blocks_num:32  avg_blocks_num:17  sum_blocks_num:170426
max_block_len:16  avg_block_len:7  sum_block_len:1320834
count_list:
[321, 335, 340, 331, 315, 339, 306, 302, 333, 343, 313, 317, 331, 290, 292, 307, 317, 298, 334, 345, 310, 339, 320, 307, 318, 309, 346, 352, 334, 304, 352, 0, 0, 0, 0, 0, 0, 0, 0, 0, 0, 0]


test/random/test_match_random_10000_5.txt
prefix_num:50000
max_blocks_num:42  avg_blocks_num:22  sum_blocks_num:1102937
max_block_len:20  avg_block_len:8  sum_block_len:9364238
count_list:
[140, 304, 423, 602, 732, 924, 983, 1215, 1215, 1466, 1703, 1673, 1605, 1671, 1542, 1570, 1503, 1573, 1644, 1562, 1563, 1627, 1623, 1600, 1532, 1593, 1597, 1649, 1682, 1606, 1633, 1546, 1353, 1177, 1014, 876, 761, 620, 443, 297, 158, 0]


test/random/test_unmatch_random_10000_5.txt
prefix_num:50000
max_blocks_num:42  avg_blocks_num:22  sum_blocks_num:1101750
max_block_len:20  avg_block_len:8  sum_block_len:9353893
count_list:
[143, 309, 457, 609, 760, 905, 1022, 1190, 1304, 1470, 1655, 1571, 1625, 1645, 1556, 1544, 1559, 1622, 1618, 1544, 1547, 1618, 1569, 1583, 1606, 1594, 1654, 1612, 1638, 1584, 1598, 1559, 1334, 1139, 1062, 899, 758, 646, 450, 281, 161, 0]


rules/random/rules_random_10000_6.txt
prefix_num:10000
max_blocks_num:32  avg_blocks_num:16  sum_blocks_num:169520
max_block_len:16  avg_block_len:7  sum_block_len:1311790
count_list:
[325, 282, 335, 295, 308, 316, 339, 333, 309, 344, 324, 367, 371, 333, 314, 334, 353, 325, 328, 294, 304, 312, 317, 330, 329, 316, 299, 320, 315, 285, 344, 0, 0, 0, 0, 0, 0, 0, 0, 0, 0, 0]


test/random/test_match_random_10000_6.txt
prefix_num:50000
max_blocks_num:42  avg_blocks_num:21  sum_blocks_num:1098291
max_block_len:20  avg_block_len:8  sum_block_len:9320858
count_list:
[137, 279, 416, 537, 706, 859, 972, 1185, 1310, 1479, 1609, 1583, 1692, 1627, 1643, 1616, 1739, 1679, 1752, 1664, 1650, 1673, 1596, 1647, 1579, 1555, 1561, 1595, 1503, 1532, 1589, 1492, 1294, 1213, 1049, 827, 676, 593, 442, 290, 160, 0]


test/random/test_unmatch_random_10000_6.txt
prefix_num:50000
max_blocks_num:42  avg_blocks_num:21  sum_blocks_num:1097453
max_block_len:20  avg_block_len:8  sum_block_len:9314139
count_list:
[157, 290, 425, 563, 675, 807, 996, 1143, 1284, 1459, 1585, 1717, 1682, 1591, 1633, 1661, 1726, 1701, 1726, 1726, 1645, 1619, 1638, 1530, 1579, 1630, 1544, 1610, 1557, 1605, 1608, 1427, 1306, 1159, 1001, 911, 693, 580, 410, 256, 145, 0]


rules/random/rules_random_10000_7.txt
prefix_num:10000
max_blocks_num:32  avg_blocks_num:16  sum_blocks_num:168425
max_block_len:16  avg_block_len:7  sum_block_len:1302669
count_list:
[373, 357, 356, 283, 281, 323, 288, 338, 317, 342, 308, 331, 331, 343, 338, 336, 335, 299, 338, 312, 315, 341, 294, 332, 310, 309, 315, 319, 300, 332, 304, 0, 0, 0, 0, 0, 0, 0, 0, 0, 0, 0]


test/random/test_match_random_10000_7.txt
prefix_num:50000
max_blocks_num:42  avg_blocks_num:21  sum_blocks_num:1093138
max_block_len:20  avg_block_len:8  sum_block_len:9275242
count_list:
[153, 328, 505, 607, 766, 868, 1065, 1159, 1286, 1472, 1647, 1643, 1569, 1589, 1616, 1592, 1624, 1651, 1632, 1657, 1624, 1628, 1678, 1650, 1611, 1637, 1570, 1566, 1599, 1583, 1521, 1505, 1258, 1153, 1000, 826, 731, 590, 404, 288, 149, 0]


test/random/test_unmatch_random_10000_7.txt
prefix_num:50000
max_blocks_num:42  avg_blocks_num:21  sum_blocks_num:1091357
max_block_len:20  avg_block_len:8  sum_block_len:9254352
count_list:
[167, 329, 546, 612, 766, 903, 990, 1201, 1322, 1472, 1594, 1593, 1638, 1653, 1608, 1615, 1685, 1656, 1582, 1591, 1569, 1663, 1638, 1648, 1660, 1551, 1660, 1512, 1516, 1549, 1574, 1495, 1268, 1129, 1029, 844, 726, 588, 438, 283, 137, 0]


rules/random/rules_random_10000_8.txt
prefix_num:10000
max_blocks_num:32  avg_blocks_num:16  sum_blocks_num:169522
max_block_len:16  avg_block_len:7  sum_block_len:1313590
count_list:
[340, 295, 294, 349, 326, 344, 340, 325, 301, 304, 338, 322, 333, 342, 319, 317, 317, 348, 338, 305, 312, 326, 312, 298, 318, 354, 308, 302, 328, 325, 320, 0, 0, 0, 0, 0, 0, 0, 0, 0, 0, 0]


test/random/test_match_random_10000_8.txt
prefix_num:50000
max_blocks_num:42  avg_blocks_num:21  sum_blocks_num:1096682
max_block_len:20  avg_block_len:8  sum_block_len:9314118
count_list:
[172, 324, 431, 551, 761, 862, 1089, 1166, 1299, 1504, 1539, 1609, 1611, 1754, 1599, 1661, 1647, 1558, 1611, 1685, 1577, 1625, 1607, 1585, 1575, 1577, 1620, 1586, 1634, 1539, 1600, 1448, 1331, 1147, 1018, 911, 747, 564, 444, 274, 158, 0]


test/random/test_unmatch_random_10000_8.txt
prefix_num:50000
max_blocks_num:42  avg_blocks_num:21  sum_blocks_num:1096798
max_block_len:20  avg_block_len:8  sum_block_len:9305198
count_list:
[160, 281, 450, 533, 724, 894, 998, 1213, 1306, 1505, 1680, 1662, 1585, 1667, 1576, 1681, 1570, 1673, 1602, 1595, 1688, 1600, 1642, 1554, 1568, 1621, 1590, 1565, 1563, 1628, 1637, 1513, 1238, 1196, 1024, 880, 738, 559, 420, 292, 129, 0]


rules/random/rules_random_10000_9.txt
prefix_num:10000
max_blocks_num:32  avg_blocks_num:17  sum_blocks_num:170038
max_block_len:16  avg_block_len:7  sum_block_len:1317999
count_list:
[295, 328, 333, 355, 307, 310, 300, 343, 342, 342, 344, 284, 349, 291, 313, 325, 309, 321, 327, 325, 335, 333, 329, 289, 294, 348, 323, 319, 333, 357, 297, 0, 0, 0, 0, 0, 0, 0, 0, 0, 0, 0]


test/random/test_match_random_10000_9.txt
prefix_num:50000
max_blocks_num:42  avg_blocks_num:22  sum_blocks_num:1100410
max_block_len:20  avg_block_len:8  sum_block_len:9343282
count_list:
[127, 301, 419, 578, 725, 862, 1004, 1167, 1339, 1520, 1624, 1666, 1659, 1565, 1642, 1604, 1629, 1634, 1574, 1580, 1529, 1542, 1710, 1617, 1547, 1615, 1603, 1662, 1660, 1554, 1658, 1536, 1333, 1132, 1052, 837, 728, 596, 454, 276, 140, 0]


test/random/test_unmatch_random_10000_9.txt
prefix_num:50000
max_blocks_num:42  avg_blocks_num:22  sum_blocks_num:1100019
max_block_len:20  avg_block_len:8  sum_block_len:9340137
count_list:
[119, 284, 414, 602, 706, 910, 1010, 1212, 1334, 1483, 1605, 1644, 1632, 1629, 1501, 1708, 1631, 1593, 1698, 1603, 1550, 1546, 1654, 1558, 1581, 1702, 1562, 1624, 1583, 1605, 1625, 1442, 1306, 1166, 1026, 943, 769, 589, 466, 270, 115, 0]


rules/random/rules_random_100000_0.txt
prefix_num:100000
max_blocks_num:32  avg_blocks_num:16  sum_blocks_num:1695181
max_block_len:16  avg_block_len:7  sum_block_len:13125160
count_list:
[3239, 3328, 3225, 3230, 3157, 3229, 3312, 3326, 3183, 3186, 3195, 3334, 3207, 3190, 3163, 3215, 3330, 3225, 3342, 3199, 3232, 3200, 3224, 3150, 3182, 3226, 3205, 3138, 3219, 3173, 3236, 0, 0, 0, 0, 0, 0, 0, 0, 0, 0, 0]


test/random/test_match_random_100000_0.txt
prefix_num:500000
max_blocks_num:42  avg_blocks_num:21  sum_blocks_num:10975464
max_block_len:20  avg_block_len:8  sum_block_len:93122117
count_list:
[1416, 2994, 4461, 5966, 7260, 8759, 10272, 12031, 13446, 14739, 16123, 16098, 16020, 16290, 16273, 16145, 16179, 16037, 16134, 16218, 16208, 16310, 16044, 16260, 16061, 16424, 16148, 15841, 16096, 16096, 15904, 14322, 12981, 11680, 10148, 8699, 7343, 5769, 4399, 2958, 1448, 0]


test/random/test_unmatch_random_100000_0.txt
prefix_num:500000
max_blocks_num:42  avg_blocks_num:21  sum_blocks_num:10976340
max_block_len:20  avg_block_len:8  sum_block_len:93131188
count_list:
[1479, 2941, 4549, 5981, 7458, 8867, 10166, 11834, 13262, 14715, 16087, 16345, 16137, 15940, 16193, 16307, 16178, 15971, 16408, 15999, 16098, 16362, 16317, 16360, 16083, 16052, 15944, 15930, 16005, 15790, 16069, 14472, 13330, 11544, 10067, 8813, 7345, 5763, 4352, 2956, 1531, 0]


rules/random/rules_random_100000_1.txt
prefix_num:100000
max_blocks_num:32  avg_blocks_num:16  sum_blocks_num:1698727
max_block_len:16  avg_block_len:7  sum_block_len:13148576
count_list:
[3318, 3153, 3230, 3212, 3206, 3208, 3193, 3259, 3293, 3220, 3215, 3254, 3245, 3292, 3239, 3072, 3227, 3124, 3298, 3355, 3167, 3251, 3185, 3209, 3373, 3218, 3263, 3161, 3152, 3207, 3201, 0, 0, 0, 0, 0, 0, 0, 0, 0, 0, 0]


test/random/test_match_random_100000_1.txt
prefix_num:500000
max_blocks_num:42  avg_blocks_num:21  sum_blocks_num:10995164
max_block_len:20  avg_block_len:8  sum_block_len:93259794
count_list:
[1479, 3017, 4417, 5942, 7318, 8734, 10195, 11766, 13291, 14625, 16137, 16088, 16093, 16229, 16476, 16220, 15872, 15946, 15891, 16364, 16128, 16004, 16148, 16327, 16045, 15866, 16310, 16134, 16228, 16085, 16076, 14672, 13190, 11589, 10458, 8677, 7325, 5804, 4402, 2901, 1531, 0]


test/random/test_unmatch_random_100000_1.txt
prefix_num:500000
max_blocks_num:42  avg_blocks_num:21  sum_blocks_num:10991987
max_block_len:20  avg_block_len:8  sum_block_len:93229618
count_list:
[1510, 2847, 4338, 5966, 7445, 8807, 10295, 11765, 13238, 14535, 16077, 16215, 16004, 16034, 16342, 16142, 16197, 16182, 16171, 16209, 16177, 16192, 15882, 16001, 16007, 16142, 16399, 15987, 16284, 16309, 16117, 14614, 13146, 11828, 10304, 8607, 7347, 5786, 4250, 2859, 1443, 0]


rules/random/rules_random_100000_2.txt
prefix_num:100000
max_blocks_num:32  avg_blocks_num:16  sum_blocks_num:1699047
max_block_len:16  avg_block_len:7  sum_block_len:13152019
count_list:
[3158, 3335, 3212, 3150, 3220, 3155, 3226, 3246, 3154, 3254, 3360, 3292, 3220, 3322, 3226, 3236, 3160, 3228, 3203, 3191, 3370, 3172, 3307, 3216, 3163, 3084, 3273, 3231, 3213, 3209, 3214, 0, 0, 0, 0, 0, 0, 0, 0, 0, 0, 0]


test/random/test_match_random_100000_2.txt
prefix_num:500000
max_blocks_num:42  avg_blocks_num:21  sum_blocks_num:10996121
max_block_len:20  avg_block_len:8  sum_block_len:93258865
count_list:
[1424, 2926, 4385, 5869, 7172, 8957, 10225, 11738, 12965, 14452, 16157, 16155, 16104, 16142, 16221, 16354, 16363, 16133, 16228, 16205, 16225, 16219, 16237, 16219, 16211, 16220, 16146, 16087, 16127, 15918, 15913, 14644, 13187, 11557, 10086, 8852, 7265, 5992, 4256, 3032, 1432, 0]


test/random/test_unmatch_random_100000_2.txt
prefix_num:500000
max_blocks_num:42  avg_blocks_num:21  sum_blocks_num:10998608
max_block_len:20  avg_block_len:8  sum_block_len:93311112
count_list:
[1490, 2959, 4373, 5813, 7168, 8654, 10351, 11479, 13078, 14728, 16133, 16029, 16031, 16167, 16491, 16366, 16368, 16089, 16197, 16329, 16237, 16160, 16143, 16107, 15941, 16221, 16044, 16027, 16292, 16036, 16287, 14646, 13169, 11706, 10240, 8580, 7373, 5711, 4425, 2943, 1419, 0]


rules/random/rules_random_100000_3.txt
prefix_num:100000
max_blocks_num:32  avg_blocks_num:16  sum_blocks_num:1699671
max_block_len:16  avg_block_len:7  sum_block_len:13158551
count_list:
[3215, 3230, 3219, 3151, 3138, 3185, 3318, 3256, 3285, 3298, 3288, 3172, 3276, 3267, 3108, 3196, 3170, 3248, 3346, 3231, 3160, 3219, 3273, 3300, 3270, 3199, 3150, 3234, 3171, 3125, 3302, 0, 0, 0, 0, 0, 0, 0, 0, 0, 0, 0]


test/random/test_match_random_100000_3.txt
prefix_num:500000
max_blocks_num:42  avg_blocks_num:21  sum_blocks_num:10996341
max_block_len:20  avg_block_len:8  sum_block_len:93264678
count_list:
[1459, 3043, 4388, 5738, 7105, 8784, 10120, 11816, 13131, 14763, 16134, 16151, 16234, 16404, 16101, 16262, 16135, 16116, 16217, 16138, 16240, 15915, 16139, 16165, 16029, 16174, 15966, 16522, 16137, 16130, 16122, 14581, 13208, 11673, 10264, 8685, 7189, 5857, 4408, 2958, 1399, 0]


test/random/test_unmatch_random_100000_3.txt
prefix_num:500000
max_blocks_num:42  avg_blocks_num:22  sum_blocks_num:11000663
max_block_len:20  avg_block_len:8  sum_block_len:93321604
count_list:
[1444, 2906, 4413, 5787, 7205, 8750, 10031, 11717, 13222, 14645, 16082, 16563, 16074, 16047, 16128, 16242, 16229, 16383, 15931, 16069, 16202, 16322, 16078, 16138, 16358, 16215, 16079, 16164, 16203, 16031, 16043, 14468, 13253, 11669, 10191, 8724, 7148, 5989, 4415, 2864, 1578, 0]


rules/random/rules_random_100000_4.txt
prefix_num:100000
max_blocks_num:32  avg_blocks_num:16  sum_blocks_num:1697208
max_block_len:16  avg_block_len:7  sum_block_len:13138746
count_list:
[3231, 3262, 3091, 3333, 3264, 3165, 3392, 3202, 3164, 3287, 3149, 3291, 3216, 3203, 3232, 3236, 3206, 3259, 3158, 3278, 3250, 3186, 3326, 3260, 3190, 3200, 3250, 3180, 3096, 3268, 3175, 0, 0, 0, 0, 0, 0, 0, 0, 0, 0, 0]


test/random/test_match_random_100000_4.txt
prefix_num:500000
max_blocks_num:42  avg_blocks_num:21  sum_blocks_num:10987729
max_block_len:20  avg_block_len:8  sum_block_len:93207129
count_list:
[1485, 2985, 4321, 5861, 7187, 8977, 10361, 11722, 13489, 14589, 16131, 16194, 16049, 16175, 16157, 16155, 16235, 16058, 15902, 16151, 16247, 16269, 16111, 16105, 16154, 16155, 16334, 16109, 16169, 15950, 15997, 14459, 13430, 11685, 10135, 8726, 7175, 5915, 4264, 2925, 1502, 0]


test/random/test_unmatch_random_100000_4.txt
prefix_num:500000
max_blocks_num:42  avg_blocks_num:21  sum_blocks_num:10982882
max_block_len:20  avg_block_len:8  sum_block_len:93158247
count_list:
[1470, 2950, 4308, 5847, 7416, 8855, 10377, 11684, 13142, 14743, 16055, 16287, 16289, 16278, 16136, 16238, 16244, 16253, 16033, 16137, 16193, 15927, 16107, 16287, 16066, 16014, 16248, 16191, 16035, 16095, 15974, 14712, 13207, 11660, 10164, 8814, 7213, 5724, 4358, 2840, 1429, 0]


rules/random/rules_random_100000_5.txt
prefix_num:100000
max_blocks_num:32  avg_blocks_num:17  sum_blocks_num:1701055
max_block_len:16  avg_block_len:7  sum_block_len:13170841
count_list:
[3261, 3216, 3253, 3142, 3190, 3208, 3300, 3181, 3262, 3230, 3228, 3172, 3286, 3159, 3222, 3198, 3318, 3063, 3235, 3250, 3214, 3344, 3197, 3237, 3233, 3288, 3272, 3276, 3174, 3221, 3170, 0, 0, 0, 0, 0, 0, 0, 0, 0, 0, 0]


test/random/test_match_random_100000_5.txt
prefix_num:500000
max_blocks_num:42  avg_blocks_num:22  sum_blocks_num:11004715
max_block_len:20  avg_block_len:8  sum_block_len:93343711
count_list:
[1476, 3001, 4424, 5784, 7315, 8824, 10165, 11853, 13376, 14657, 15980, 16304, 15989, 15853, 15989, 16128, 16115, 16032, 16041, 16224, 16278, 16058, 15897, 16253, 16101, 16145, 15953, 16198, 16213, 16344, 16110, 14791, 13401, 11705, 10325, 8988, 7329, 5872, 4299, 2855, 1355, 0]


test/random/test_unmatch_random_100000_5.txt
prefix_num:500000
max_blocks_num:42  avg_blocks_num:22  sum_blocks_num:11003705
max_block_len:20  avg_block_len:8  sum_block_len:93342565
count_list:
[1525, 2918, 4509, 5904, 7197, 8716, 10214, 11796, 13284, 14787, 16075, 16274, 16102, 16110, 16192, 16044, 15940, 16009, 15974, 16156, 16040, 16074, 16233, 15930, 16076, 16155, 16134, 15930, 16329, 16397, 16315, 14645, 13081, 11612, 10318, 8839, 7372, 5882, 4384, 3013, 1515, 0]


rules/random/rules_random_100000_6.txt
prefix_num:100000
max_blocks_num:32  avg_blocks_num:16  sum_blocks_num:1699538
max_block_len:16  avg_block_len:7  sum_block_len:13158727
count_list:
[3212, 3215, 3203, 3327, 3312, 3272, 3173, 3209, 3228, 3210, 3242, 3183, 3288, 3235, 3209, 3177, 3183, 3136, 3238, 3155, 3237, 3245, 3261, 3161, 3295, 3101, 3236, 3271, 3326, 3197, 3263, 0, 0, 0, 0, 0, 0, 0, 0, 0, 0, 0]


test/random/test_match_random_100000_6.txt
prefix_num:500000
max_blocks_num:42  avg_blocks_num:21  sum_blocks_num:10995103
max_block_len:20  avg_block_len:8  sum_block_len:93270083
count_list:
[1472, 2990, 4497, 6012, 7451, 8846, 10260, 11559, 13114, 14622, 16291, 16265, 16078, 16418, 16176, 16089, 16023, 16138, 15910, 15907, 16086, 16039, 16120, 16039, 16082, 15912, 16006, 16088, 16318, 16110, 16056, 14723, 13273, 12095, 10115, 8654, 7389, 5939, 4423, 2910, 1505, 0]


test/random/test_unmatch_random_100000_6.txt
prefix_num:500000
max_blocks_num:42  avg_blocks_num:21  sum_blocks_num:10998311
max_block_len:20  avg_block_len:8  sum_block_len:93299304
count_list:
[1438, 2910, 4402, 5760, 7408, 8833, 10265, 11780, 13321, 14845, 16108, 16208, 16277, 16201, 16073, 16248, 16110, 16101, 16007, 16049, 15996, 16085, 16090, 15979, 16083, 15839, 16051, 16146, 16138, 15956, 16170, 14775, 13156, 11664, 10425, 8855, 7468, 5981, 4474, 2870, 1455, 0]


rules/random/rules_random_100000_7.txt
prefix_num:100000
max_blocks_num:32  avg_blocks_num:16  sum_blocks_num:1699792
max_block_len:16  avg_block_len:7  sum_block_len:13154704
count_list:
[3256, 3216, 3278, 3222, 3173, 3240, 3218, 3139, 3278, 3201, 3256, 3296, 3210, 3282, 3141, 3274, 3247, 3198, 3197, 3226, 3149, 3182, 3254, 3270, 3108, 3321, 3213, 3279, 3252, 3160, 3264, 0, 0, 0, 0, 0, 0, 0, 0, 0, 0, 0]


test/random/test_match_random_100000_7.txt
prefix_num:500000
max_blocks_num:42  avg_blocks_num:21  sum_blocks_num:10996895
max_block_len:20  avg_block_len:8  sum_block_len:93254923
count_list:
[1491, 2988, 4340, 5937, 7318, 8870, 10243, 11600, 13080, 14841, 16008, 16453, 16201, 16079, 16010, 16318, 16027, 16112, 16199, 16150, 16106, 16036, 16268, 16147, 15755, 16007, 15946, 16282, 16265, 16139, 16067, 14730, 13158, 11765, 10132, 8852, 7336, 5835, 4520, 2922, 1467, 0]


test/random/test_unmatch_random_100000_7.txt
prefix_num:500000
max_blocks_num:42  avg_blocks_num:21  sum_blocks_num:10997795
max_block_len:20  avg_block_len:8  sum_block_len:93277165
count_list:
[1496, 2892, 4336, 5989, 7235, 8878, 10254, 11816, 13156, 14907, 16083, 16415, 15946, 16092, 15960, 15950, 16364, 16042, 16244, 16274, 16140, 16112, 15977, 16034, 15848, 16030, 15996, 16041, 16389, 16187, 16187, 14722, 13180, 11701, 10118, 8876, 7428, 5989, 4326, 2876, 1514, 0]


rules/random/rules_random_100000_8.txt
prefix_num:100000
max_blocks_num:32  avg_blocks_num:16  sum_blocks_num:1697944
max_block_len:16  avg_block_len:7  sum_block_len:13145819
count_list:
[3158, 3240, 3305, 3233, 3217, 3290, 3268, 3288, 3203, 3165, 3289, 3192, 3200, 3243, 3173, 3246, 3189, 3237, 3222, 3295, 3156, 3161, 3211, 3262, 3280, 3217, 3187, 3231, 3257, 3142, 3243, 0, 0, 0, 0, 0, 0, 0, 0, 0, 0, 0]


test/random/test_match_random_100000_8.txt
prefix_num:500000
max_blocks_num:42  avg_blocks_num:21  sum_blocks_num:10988324
max_block_len:20  avg_block_len:8  sum_block_len:93205618
count_list:
[1424, 2816, 4425, 5854, 7301, 8902, 10446, 11862, 13332, 14807, 16211, 16120, 15958, 16256, 16281, 16214, 16182, 16114, 15919, 15990, 16263, 15843, 16077, 16260, 16205, 16174, 15857, 16164, 16240, 15956, 16170, 14542, 13083, 11913, 10187, 8792, 7231, 5776, 4475, 2871, 1507, 0]


test/random/test_unmatch_random_100000_8.txt
prefix_num:500000
max_blocks_num:42  avg_blocks_num:21  sum_blocks_num:10993722
max_block_len:20  avg_block_len:8  sum_block_len:93268635
count_list:
[1400, 2880, 4462, 5780, 7306, 8842, 10282, 11773, 13409, 14692, 16165, 16224, 16131, 16204, 16248, 15999, 15977, 16240, 16146, 16341, 16023, 15909, 16105, 15954, 16146, 16173, 16130, 16079, 16226, 16032, 16159, 14706, 13404, 11661, 10225, 8766, 7369, 5796, 4332, 2841, 1463, 0]


rules/random/rules_random_100000_9.txt
prefix_num:100000
max_blocks_num:32  avg_blocks_num:17  sum_blocks_num:1701965
max_block_len:16  avg_block_len:7  sum_block_len:13176352
count_list:
[3180, 3264, 3253, 3283, 3207, 3147, 3220, 3173, 3183, 3235, 3199, 3162, 3260, 3191, 3363, 3233, 3213, 3186, 3315, 3205, 3242, 3251, 3258, 3218, 3100, 3152, 3269, 3228, 3308, 3249, 3253, 0, 0, 0, 0, 0, 0, 0, 0, 0, 0, 0]


test/random/test_match_random_100000_9.txt
prefix_num:500000
max_blocks_num:42  avg_blocks_num:22  sum_blocks_num:11012406
max_block_len:20  avg_block_len:8  sum_block_len:93415191
count_list:
[1458, 2843, 4394, 5953, 7425, 8784, 10189, 11748, 13118, 14384, 15996, 15822, 16156, 16127, 16307, 16072, 16157, 16081, 16102, 16182, 16031, 16230, 16241, 16303, 16281, 16047, 15978, 16217, 16035, 16243, 16298, 14543, 13368, 11750, 10167, 8914, 7352, 5817, 4432, 2998, 1457, 0]


test/random/test_unmatch_random_100000_9.txt
prefix_num:500000
max_blocks_num:42  avg_blocks_num:22  sum_blocks_num:11010046
max_block_len:20  avg_block_len:8  sum_block_len:93374380
count_list:
[1424, 2915, 4395, 5870, 7442, 8792, 10408, 11707, 13283, 14644, 15868, 15741, 16080, 16159, 16074, 16131, 16011, 15975, 16164, 16397, 16016, 16324, 16273, 16323, 16307, 16072, 15879, 16064, 16079, 15804, 16114, 14757, 13313, 11614, 10247, 8909, 7423, 5972, 4602, 2962, 1466, 0]


rules/random/rules_random_1000000_0.txt
prefix_num:1000000
max_blocks_num:32  avg_blocks_num:16  sum_blocks_num:16983021
max_block_len:16  avg_block_len:7  sum_block_len:131488424
count_list:
[32141, 32309, 32626, 32113, 32346, 32338, 32372, 32397, 32490, 32355, 32438, 32302, 32064, 32270, 32289, 32285, 32124, 32288, 32278, 31975, 31979, 32424, 32152, 32167, 32512, 32270, 32090, 32210, 32237, 31912, 32247, 0, 0, 0, 0, 0, 0, 0, 0, 0, 0, 0]


test/random/test_match_random_1000000_0.txt
prefix_num:5000000
max_blocks_num:42  avg_blocks_num:21  sum_blocks_num:109918079
max_block_len:20  avg_block_len:8  sum_block_len:932480627
count_list:
[14693, 29295, 43700, 58593, 73381, 88327, 102915, 118163, 132201, 147557, 161672, 161570, 161212, 161587, 162190, 161774, 161520, 161946, 161497, 160989, 161238, 160346, 160632, 160831, 160701, 160810, 161332, 160927, 160537, 161377, 161636, 146347, 132095, 116862, 102189, 87768, 73092, 58500, 44193, 29102, 14703, 0]


test/random/test_unmatch_random_1000000_0.txt
prefix_num:5000000
max_blocks_num:42  avg_blocks_num:21  sum_blocks_num:109916329
max_block_len:20  avg_block_len:8  sum_block_len:932466154
count_list:
[14758, 29376, 43950, 58726, 72998, 88112, 102835, 117552, 132892, 147428, 161171, 161806, 161557, 161335, 161559, 161390, 161278, 161659, 161640, 161845, 161461, 161270, 160870, 161064, 161114, 160332, 161141, 161710, 161139, 160905, 161116, 146698, 131635, 116497, 102537, 87606, 72947, 58318, 43660, 29332, 14781, 0]


rules/random/rules_random_1000000_1.txt
prefix_num:1000000
max_blocks_num:32  avg_blocks_num:16  sum_blocks_num:16988108
max_block_len:16  avg_block_len:7  sum_block_len:131515215
count_list:
[32247, 32397, 32352, 32636, 32423, 32200, 32050, 32158, 32600, 32395, 32265, 32184, 32079, 32077, 32171, 32196, 32497, 32529, 32128, 32097, 31950, 32471, 31981, 32192, 32290, 32133, 32168, 32416, 32205, 32307, 32206, 0, 0, 0, 0, 0, 0, 0, 0, 0, 0, 0]


test/random/test_match_random_1000000_1.txt
prefix_num:5000000
max_blocks_num:42  avg_blocks_num:21  sum_blocks_num:109939494
max_block_len:20  avg_block_len:8  sum_block_len:932540228
count_list:
[14606, 29195, 44307, 59101, 73411, 87875, 103320, 117432, 131948, 147107, 161946, 162155, 161556, 161219, 161448, 161443, 160985, 161106, 161767, 160553, 160738, 161083, 160913, 161090, 161447, 160978, 161460, 161696, 161077, 161157, 160184, 146122, 132037, 116968, 101851, 87777, 73696, 58843, 44234, 29360, 14809, 0]


test/random/test_unmatch_random_1000000_1.txt
prefix_num:5000000
max_blocks_num:42  avg_blocks_num:21  sum_blocks_num:109942988
max_block_len:20  avg_block_len:8  sum_block_len:932526582
count_list:
[14686, 29684, 44261, 59176, 73680, 87823, 103100, 117080, 132217, 147137, 161640, 161670, 161477, 161116, 160888, 161221, 161774, 161619, 161225, 160817, 160802, 161064, 160740, 161266, 160916, 160906, 161804, 161553, 160678, 161060, 160780, 146181, 131533, 117367, 102711, 88359, 73332, 58623, 43799, 29596, 14639, 0]


rules/random/rules_random_1000000_2.txt
prefix_num:1000000
max_blocks_num:32  avg_blocks_num:17  sum_blocks_num:17011913
max_block_len:16  avg_block_len:7  sum_block_len:131698841
count_list:
[32347, 32390, 31829, 32081, 31983, 31775, 32606, 32206, 32417, 32202, 32213, 32387, 32111, 32279, 32168, 32285, 32696, 32337, 32115, 32407, 32101, 32250, 32293, 32465, 32407, 32367, 32507, 32302, 32424, 32120, 31930, 0, 0, 0, 0, 0, 0, 0, 0, 0, 0, 0]


test/random/test_match_random_1000000_2.txt
prefix_num:5000000
max_blocks_num:42  avg_blocks_num:22  sum_blocks_num:110066003
max_block_len:20  avg_block_len:8  sum_block_len:933593555
count_list:
[14737, 29236, 43786, 58433, 73033, 87547, 102233, 116318, 131303, 146137, 161428, 161825, 161707, 160577, 160973, 161036, 161121, 161990, 161587, 160882, 161223, 161317, 161617, 161667, 161027, 162452, 161366, 161898, 161744, 161899, 160734, 147301, 132600, 117529, 102275, 87958, 73473, 58747, 43613, 29178, 14493, 0]


test/random/test_unmatch_random_1000000_2.txt
prefix_num:5000000
max_blocks_num:42  avg_blocks_num:22  sum_blocks_num:110045777
max_block_len:20  avg_block_len:8  sum_block_len:933267498
count_list:
[14564, 29482, 43721, 58592, 73142, 87249, 102058, 116566, 132329, 146247, 161522, 160730, 161244, 161029, 161270, 160809, 161405, 160958, 162397, 161999, 161413, 160957, 161283, 161532, 161747, 161744, 161466, 162008, 161357, 161656, 161270, 147194, 132477, 117119, 102568, 88091, 73146, 58409, 43496, 29162, 14592, 0]


rules/random/rules_random_1000000_3.txt
prefix_num:1000000
max_blocks_num:32  avg_blocks_num:16  sum_blocks_num:16979869
max_block_len:16  avg_block_len:7  sum_block_len:131439952
count_list:
[32379, 32234, 32575, 32499, 32449, 32384, 32271, 32242, 32438, 32098, 32298, 32147, 32374, 32204, 32056, 32266, 31966, 32284, 32522, 32098, 32335, 32000, 32168, 32242, 32483, 32316, 32282, 32267, 32062, 32048, 32013, 0, 0, 0, 0, 0, 0, 0, 0, 0, 0, 0]


test/random/test_match_random_1000000_3.txt
prefix_num:5000000
max_blocks_num:42  avg_blocks_num:21  sum_blocks_num:109889566
max_block_len:20  avg_block_len:8  sum_block_len:932109247
count_list:
[14560, 29524, 43833, 59333, 73483, 88075, 103154, 118120, 132620, 147237, 162256, 161293, 161523, 161738, 161718, 161493, 161025, 160841, 161241, 160923, 160902, 161129, 161713, 161048, 160585, 161272, 160869, 161181, 160450, 161804, 160959, 145818, 131898, 117297, 102417, 88113, 73241, 58393, 43556, 28978, 14387, 0]


test/random/test_unmatch_random_1000000_3.txt
prefix_num:5000000
max_blocks_num:42  avg_blocks_num:21  sum_blocks_num:109903629
max_block_len:20  avg_block_len:8  sum_block_len:932269697
count_list:
[14914, 29656, 43896, 59052, 73767, 88487, 102930, 118450, 132240, 146993, 161547, 161590, 161488, 160948, 161607, 161789, 160812, 160422, 161250, 161227, 160952, 161311, 160612, 160831, 161454, 161696, 160932, 161552, 160968, 161022, 160927, 146101, 132301, 116773, 102494, 87776, 72873, 58531, 43897, 29318, 14614, 0]


rules/random/rules_random_1000000_4.txt
prefix_num:1000000
max_blocks_num:32  avg_blocks_num:16  sum_blocks_num:16996673
max_block_len:16  avg_block_len:7  sum_block_len:131596456
count_list:
[32306, 32323, 32202, 32145, 32459, 32540, 32259, 32093, 32478, 32317, 32255, 32102, 32041, 32205, 32127, 32010, 32558, 32371, 32479, 31988, 32215, 32153, 32136, 32335, 32398, 32107, 32254, 32236, 32344, 32258, 32306, 0, 0, 0, 0, 0, 0, 0, 0, 0, 0, 0]


test/random/test_match_random_1000000_4.txt
prefix_num:5000000
max_blocks_num:42  avg_blocks_num:21  sum_blocks_num:109990918
max_block_len:20  avg_block_len:8  sum_block_len:933078658
count_list:
[14748, 29540, 43979, 58416, 73281, 88010, 102826, 117206, 131806, 147251, 161888, 161386, 161129, 161374, 161099, 161674, 160906, 161188, 161858, 160700, 161129, 161250, 161036, 161166, 160961, 161491, 161071, 161314, 160474, 160817, 161595, 146469, 132197, 117543, 102730, 88228, 73424, 58861, 43890, 29556, 14533, 0]


test/random/test_unmatch_random_1000000_4.txt
prefix_num:5000000
max_blocks_num:42  avg_blocks_num:21  sum_blocks_num:109976254
max_block_len:20  avg_block_len:8  sum_block_len:932912550
count_list:
[14671, 29534, 44368, 58808, 73383, 88270, 102984, 116844, 132259, 146936, 161931, 161309, 161378, 160979, 161534, 160299, 160936, 160578, 161926, 160976, 161548, 161723, 161139, 160360, 161417, 161106, 161878, 161411, 160097, 160760, 161602, 146227, 132485, 117220, 102789, 87783, 73570, 59049, 43817, 29524, 14592, 0]


rules/random/rules_random_1000000_5.txt
prefix_num:1000000
max_blocks_num:32  avg_blocks_num:17  sum_blocks_num:17007328
max_block_len:16  avg_block_len:7  sum_block_len:131676469
count_list:
[32197, 32423, 32322, 32167, 32557, 32068, 32236, 32170, 32002, 32196, 32022, 32264, 32389, 32259, 32143, 32201, 32073, 32212, 32238, 32246, 32287, 32284, 32173, 32490, 32442, 32502, 32543, 32357, 32253, 32399, 31885, 0, 0, 0, 0, 0, 0, 0, 0, 0, 0, 0]


test/random/test_match_random_1000000_5.txt
prefix_num:5000000
max_blocks_num:42  avg_blocks_num:22  sum_blocks_num:110042291
max_block_len:20  avg_block_len:8  sum_block_len:933437092
count_list:
[14609, 29430, 44357, 58873, 73485, 88161, 102438, 116451, 132085, 146741, 160937, 160836, 160856, 161350, 160795, 160471, 161430, 161767, 160801, 161479, 160835, 161099, 161338, 160935, 161160, 160777, 161466, 161921, 161688, 161915, 161597, 146815, 131826, 118265, 102959, 88309, 73551, 58465, 43929, 29175, 14623, 0]


test/random/test_unmatch_random_1000000_5.txt
prefix_num:5000000
max_blocks_num:42  avg_blocks_num:22  sum_blocks_num:110039905
max_block_len:20  avg_block_len:8  sum_block_len:933398817
count_list:
[14548, 29164, 44166, 58333, 72970, 88526, 102889, 117328, 131852, 146758, 161105, 160845, 161409, 161350, 160502, 161266, 161457, 160579, 160637, 161684, 161310, 160764, 161632, 161131, 160216, 161364, 161692, 161672, 162285, 161485, 161505, 146263, 132497, 117855, 102881, 87895, 73648, 58841, 44114, 29190, 14392, 0]


rules/random/rules_random_1000000_6.txt
prefix_num:1000000
max_blocks_num:32  avg_blocks_num:17  sum_blocks_num:17004162
max_block_len:16  avg_block_len:7  sum_block_len:131644418
count_list:
[31854, 32055, 32304, 32243, 32353, 32252, 32046, 32122, 32380, 32183, 32515, 32322, 32252, 32515, 32333, 32623, 32505, 32165, 32239, 32405, 32110, 32176, 32301, 32335, 32063, 32179, 32244, 32224, 32142, 32397, 32163, 0, 0, 0, 0, 0, 0, 0, 0, 0, 0, 0]


test/random/test_match_random_1000000_6.txt
prefix_num:5000000
max_blocks_num:42  avg_blocks_num:22  sum_blocks_num:110020935
max_block_len:20  avg_block_len:8  sum_block_len:933238720
count_list:
[14533, 29477, 43667, 57979, 72873, 87955, 102159, 116715, 131692, 146522, 160857, 161288, 161612, 161429, 161194, 161958, 162402, 161309, 162210, 161922, 161539, 161376, 161904, 161925, 160994, 161341, 160966, 160747, 161084, 160944, 161234, 146776, 131800, 116958, 102361, 88770, 73232, 58571, 43947, 29333, 14445, 0]


test/random/test_unmatch_random_1000000_6.txt
prefix_num:5000000
max_blocks_num:42  avg_blocks_num:22  sum_blocks_num:110024009
max_block_len:20  avg_block_len:8  sum_block_len:933242599
count_list:
[14432, 28805, 43687, 58520, 73352, 87914, 102095, 116916, 131344, 145896, 161885, 161003, 161518, 161696, 161662, 161487, 161438, 161732, 161506, 162208, 161185, 161576, 161921, 161253, 161310, 161820, 161792, 160982, 161518, 160738, 161701, 146488, 131832, 116621, 102419, 87861, 73338, 58676, 43967, 29389, 14517, 0]


rules/random/rules_random_1000000_7.txt
prefix_num:1000000
max_blocks_num:32  avg_blocks_num:16  sum_blocks_num:16987489
max_block_len:16  avg_block_len:7  sum_block_len:131514796
count_list:
[32143, 32366, 32411, 31851, 32299, 32153, 32557, 32293, 32284, 32238, 32356, 32132, 32418, 32417, 32550, 32539, 32466, 32427, 32111, 31923, 32633, 31872, 32442, 32387, 32161, 32245, 32104, 31701, 31994, 32363, 32164, 0, 0, 0, 0, 0, 0, 0, 0, 0, 0, 0]


test/random/test_match_random_1000000_7.txt
prefix_num:5000000
max_blocks_num:42  avg_blocks_num:21  sum_blocks_num:109920059
max_block_len:20  avg_block_len:8  sum_block_len:932413305
count_list:
[14709, 29324, 44182, 58717, 73377, 87695, 102253, 117511, 132423, 146715, 160734, 161067, 161364, 161725, 161866, 162064, 162145, 161312, 161692, 161533, 162328, 161493, 162110, 161709, 161602, 161528, 161164, 161204, 160384, 160283, 161114, 146197, 131023, 116768, 102077, 87517, 72859, 58448, 43879, 29279, 14626, 0]


test/random/test_unmatch_random_1000000_7.txt
prefix_num:5000000
max_blocks_num:42  avg_blocks_num:21  sum_blocks_num:109943904
max_block_len:20  avg_block_len:8  sum_block_len:932649155
count_list:
[14701, 29616, 44054, 58185, 73184, 87786, 102853, 117503, 132121, 146486, 161304, 161284, 161016, 160932, 162112, 161404, 161679, 161860, 161717, 161779, 162097, 161696, 161948, 161852, 161309, 161425, 160877, 160967, 160359, 161129, 161085, 146391, 131442, 116908, 102071, 87719, 72712, 58517, 43726, 29533, 14661, 0]


rules/random/rules_random_1000000_8.txt
prefix_num:1000000
max_blocks_num:32  avg_blocks_num:16  sum_blocks_num:16992827
max_block_len:16  avg_block_len:7  sum_block_len:131548460
count_list:
[32457, 32296, 32203, 32220, 32207, 32174, 32211, 32477, 32502, 32132, 32365, 32043, 32461, 32252, 32430, 32258, 32320, 32101, 32018, 32246, 32564, 31950, 32580, 32073, 31946, 32436, 32138, 32068, 32066, 32423, 32383, 0, 0, 0, 0, 0, 0, 0, 0, 0, 0, 0]


test/random/test_match_random_1000000_8.txt
prefix_num:5000000
max_blocks_num:42  avg_blocks_num:21  sum_blocks_num:109968053
max_block_len:20  avg_block_len:8  sum_block_len:932754828
count_list:
[14577, 29503, 44079, 58291, 73108, 88435, 102246, 117968, 132201, 147006, 161511, 160876, 161336, 161844, 161807, 161265, 161587, 161941, 160811, 161140, 161366, 161091, 161338, 160647, 161420, 161918, 160711, 160421, 160722, 161192, 161255, 146488, 132120, 117407, 102108, 88178, 73235, 58492, 44275, 29312, 14772, 0]


test/random/test_unmatch_random_1000000_8.txt
prefix_num:5000000
max_blocks_num:42  avg_blocks_num:21  sum_blocks_num:109961584
max_block_len:20  avg_block_len:8  sum_block_len:932696884
count_list:
[14659, 29478, 44089, 58516, 73238, 87996, 102818, 117825, 132540, 146604, 161543, 160936, 161927, 161286, 161477, 161140, 160982, 161398, 161217, 161274, 161738, 161113, 161246, 161056, 161004, 161113, 161846, 161223, 160998, 160888, 161166, 146607, 131999, 116736, 102385, 88296, 72705, 58788, 43937, 29559, 14654, 0]


rules/random/rules_random_1000000_9.txt
prefix_num:1000000
max_blocks_num:32  avg_blocks_num:17  sum_blocks_num:17001371
max_block_len:16  avg_block_len:7  sum_block_len:131624387
count_list:
[32551, 32208, 32340, 32158, 32229, 32326, 32332, 32270, 32121, 32418, 32118, 32103, 32247, 32146, 32251, 31980, 32154, 32516, 32104, 32211, 32218, 32073, 32581, 32253, 32501, 32327, 32079, 32139, 32087, 32361, 32598, 0, 0, 0, 0, 0, 0, 0, 0, 0, 0, 0]


test/random/test_match_random_1000000_9.txt
prefix_num:5000000
max_blocks_num:42  avg_blocks_num:22  sum_blocks_num:110012716
max_block_len:20  avg_block_len:8  sum_block_len:933208585
count_list:
[14705, 29322, 44134, 58976, 73226, 87923, 103148, 117094, 132260, 146642, 161082, 161489, 160796, 160918, 161917, 161673, 160863, 160831, 160914, 160846, 160446, 161105, 161646, 161255, 161171, 161273, 161183, 160903, 161184, 160866, 162041, 147104, 132464, 117867, 102658, 87912, 72974, 58722, 44367, 29269, 14831, 0]


test/random/test_unmatch_random_1000000_9.txt
prefix_num:5000000
max_blocks_num:42  avg_blocks_num:22  sum_blocks_num:110003974
max_block_len:20  avg_block_len:8  sum_block_len:933095059
count_list:
[14729, 29430, 44070, 59054, 73524, 88036, 102744, 117556, 132029, 146911, 161127, 161024, 160780, 161012, 161390, 161585, 161094, 161493, 161534, 161316, 159793, 160429, 161026, 161458, 161270, 160999, 161238, 161338, 160954, 161169, 162068, 146917, 131914, 117624, 103172, 87932, 73342, 59035, 43739, 29228, 14917, 0]
